x = 20
terms: 99 value: 1.1420063979378045e+26
x = -20
terms: 99 value: 2.614878889275148e+19
